  1.000  0.400  0.000   12.00
  1.000  0.200  0.200   12.00
  1.000  0.200  0.000   12.00
  1.000  0.000  0.000    3.00
  0.900  0.500  0.100   24.00
  0.900  0.300  0.300   12.00
  0.900  0.300  0.100   48.00
  0.900  0.100  0.100   24.00
  0.800  0.600  0.000   24.00
  0.800  0.400  0.200   48.00
  0.800  0.400  0.000   24.00
  0.800  0.200  0.200   24.00
  0.800  0.200  0.000   24.00
  0.800  0.000  0.000    6.00
  0.700  0.700  0.100   12.00
  0.700  0.500  0.300   24.00
  0.700  0.500  0.100   48.00
  0.700  0.300  0.300   24.00
  0.700  0.300  0.100   48.00
  0.700  0.100  0.100   24.00
  0.600  0.600  0.200   24.00
  0.600  0.600  0.000   12.00
  0.600  0.400  0.400   24.00
  0.600  0.400  0.200   48.00
  0.600  0.400  0.000   24.00
  0.600  0.200  0.200   24.00
  0.600  0.200  0.000   24.00
  0.600  0.000  0.000    6.00
  0.500  0.500  0.500    4.00
  0.500  0.500  0.300   24.00
  0.500  0.500  0.100   24.00
  0.500  0.300  0.300   24.00
  0.500  0.300  0.100   48.00
  0.500  0.100  0.100   24.00
  0.400  0.400  0.400    8.00
  0.400  0.400  0.200   24.00
  0.400  0.400  0.000   12.00
  0.400  0.200  0.200   24.00
  0.400  0.200  0.000   24.00
  0.400  0.000  0.000    6.00
  0.300  0.300  0.300    8.00
  0.300  0.300  0.100   24.00
  0.300  0.100  0.100   24.00
  0.200  0.200  0.200    8.00
  0.200  0.200  0.000   12.00
  0.200  0.000  0.000    6.00
  0.100  0.100  0.100    8.00
  0.025  0.020  0.015    1.00
